1000
0.8319073725807077
0.10398842157258846
0.03081138416965584
0.012998552696573558
0.006655258980645662
0.00385142302120698
0.002425385925891276
0.0016248190870716947
0.0011411623766539201
0.0008319073725807077
0.0006250243219990291
0.0004814278776508725
0.00037865606398757744
0.0003031732407364095
0.0002464910733572467
0.00020310238588396184
0.0001693277778507445
0.00014264529708174001
0.00012128697661185416
0.00010398842157258846
8.982910836634355e-05
7.812804024987863e-05
6.837407516895764e-05
6.017848470635906e-05
5.324207184516529e-05
4.733200799844718e-05
4.2265273209404444e-05
3.7896655092051186e-05
3.410994188284504e-05
3.081138416965584e-05
2.792478844552743e-05
2.538779823549523e-05
2.3149048962927003e-05
2.1165972231343062e-05
1.940308740713021e-05
1.7830662135217502e-05
1.6423654523536764e-05
1.516087207648177e-05
1.4024298666206573e-05
1.2998552696573558e-05
1.2070448376847516e-05
1.1228638545792944e-05
1.0463322381434436e-05
9.76600503123483e-06
9.12929901323136e-06
8.546759396119705e-06
8.012746429795977e-06
7.5223105882948825e-06
7.071095993852117e-06
6.655258980645661e-06
6.271399179657203e-06
5.916500999805898e-06
5.587883773723998e-06
5.2831591511755554e-06
5.0001945759922325e-06
4.737081886506398e-06
4.492110244883488e-06
4.26374273535563e-06
4.050596081297054e-06
3.85142302120698e-06
3.6650969578101588e-06
3.4905985556909286e-06
3.32700401356828e-06
3.1734747794369037e-06
3.0292485119006197e-06
2.8936311203658754e-06
2.7659897413601663e-06
2.6457465289178827e-06
2.532373154405839e-06
2.425385925891276e-06
2.324341449636104e-06
2.2288327669021877e-06
2.138485908278321e-06
2.0529568154420955e-06
1.971928586857974e-06
1.8951090095602213e-06
1.822228344020493e-06
1.7530373332758217e-06
1.6873054110946754e-06
1.6248190870716948e-06
1.5653804892372016e-06
1.5088060471059396e-06
1.4549253001217372e-06
1.403579818224118e-06
1.354622222805956e-06
1.3079152976793045e-06
1.2633311808461125e-06
1.2207506289043536e-06
1.180062346827602e-06
1.14116237665392e-06
1.1039535393223833e-06
1.0683449245149631e-06
1.0342514239084234e-06
1.0015933037244972e-06
9.702958128948332e-07
9.402888235368603e-07
9.115065007737796e-07
8.838869992315146e-07
8.573721838121112e-07
8.319073725807077e-07
8.074410998152071e-07
7.839248974571504e-07
7.61313093371636e-07
7.395626249757372e-07
7.186328669307485e-07
6.984854717154997e-07
6.790842220074787e-07
6.603948938969444e-07
6.423851300478272e-07
6.250243219990291e-07
6.082835008717319e-07
5.921352358132998e-07
5.765535395670707e-07
5.61513780610436e-07
5.469926013516611e-07
5.329678419194538e-07
5.19418469118762e-07
5.063245101621317e-07
4.936669908184971e-07
4.814278776508725e-07
4.6959002404134415e-07
4.5813711972626985e-07
4.470536435869451e-07
4.363248194613661e-07
4.2593657476132235e-07
4.15875501696035e-07
4.061288209190897e-07
3.9668434742961296e-07
3.8753045857164575e-07
3.7865606398757746e-07
3.7005057739242214e-07
3.617038900457344e-07
3.53606345807155e-07
3.457487176700208e-07
3.3812218567523555e-07
3.3071831611473534e-07
3.235290419404522e-07
3.1654664430072985e-07
3.0976373513171737e-07
3.031732407364095e-07
2.9676838628873987e-07
2.90542681204513e-07
2.8448990532500183e-07
2.7860409586277346e-07
2.728795350627603e-07
2.6731073853479014e-07
2.618924442167451e-07
2.5661960193026194e-07
2.514873634934238e-07
2.4649107335724674e-07
2.4162625973495054e-07
2.3688862619502766e-07
2.3227404369100752e-07
2.2777854300256161e-07
2.2339830756421945e-07
2.191296666594777e-07
2.1496908895949002e-07
2.1091317638683442e-07
2.0695865828607402e-07
2.0310238588396184e-07
1.9934132702320013e-07
1.956725611546502e-07
1.9209327457381086e-07
1.8860075588824244e-07
1.8519239170341602e-07
1.8186566251521715e-07
1.7861813879803396e-07
1.7544747727801475e-07
1.7235141738169206e-07
1.693277778507445e-07
1.6637445351420324e-07
1.6348941220991306e-07
1.606706918475281e-07
1.5791639760576406e-07
1.5522469925704166e-07
1.525938286130442e-07
1.5002207708507607e-07
1.4750779335345024e-07
1.4504938114045354e-07
1.4264529708174e-07
1.4029404869128478e-07
1.3799419241529792e-07
1.3574433177074663e-07
1.335431155643704e-07
1.313892361882941e-07
1.2928142798855293e-07
1.2721846570303868e-07
1.2519916296556215e-07
1.2322237087289925e-07
1.2128697661185416e-07
1.193919021435253e-07
1.1753610294210754e-07
1.157185667857005e-07
1.1393831259672245e-07
1.1219438932965258e-07
1.1048587490393933e-07
1.0881187518002165e-07
1.071715229765139e-07
1.0556397712670162e-07
1.0398842157258846e-07
1.0244406449482097e-07
1.0093013747690088e-07
9.944589470217213e-08
9.79906121821438e-08
9.656358701478013e-08
9.51641366714545e-08
9.379159831132736e-08
9.244532812196715e-08
9.112470068508953e-08
8.982910836634356e-08
8.855796072812411e-08
8.731068396443747e-08
8.608672035689275e-08
8.488552775093484e-08
8.370657905147548e-08
8.254936173711805e-08
8.141337739220825e-08
8.02981412559784e-08
7.920318178808597e-08
7.812804024987863e-08
7.707227030074851e-08
7.603543760896649e-08
7.501711947641487e-08
7.401690447666247e-08
7.303439210585089e-08
7.206919244588384e-08
7.11209258394343e-08
7.01892225763045e-08
6.9273722590695e-08
6.837407516895764e-08
6.748993866742566e-08
6.662098023993172e-08
6.57668755746414e-08
6.492730863984525e-08
6.410197143836781e-08
6.329056377026647e-08
6.24927930035065e-08
6.170837385231214e-08
6.093702816290572e-08
6.017848470635906e-08
5.9432478978292494e-08
5.869875300516802e-08
5.797705515693339e-08
5.726713996578373e-08
5.6568767950816933e-08
5.5881705448368135e-08
5.52057244478171e-08
5.454060243267076e-08
5.3886122226731e-08
5.324207184516529e-08
5.2608244350305175e-08
5.1984437712004376e-08
5.1370454672394925e-08
5.076610261488621e-08
5.017119343725763e-08
4.958554342870162e-08
4.9008973150679234e-08
4.844130732145572e-08
4.788237470418881e-08
4.733200799844718e-08
4.679004373504121e-08
4.625632217405277e-08
4.573068720595496e-08
4.52129862557168e-08
4.470307018979199e-08
4.420079322589437e-08
4.3706012845466735e-08
4.32185897087526e-08
4.2738387572384396e-08
4.2265273209404444e-08
4.1799116331638135e-08
4.133978951434192e-08
4.088716812305123e-08
4.0441130242556527e-08
4.000155660793786e-08
3.956833053759123e-08
3.914133786818222e-08
3.872046689146467e-08
3.830560829290457e-08
3.789665509205119e-08
3.7493502584599864e-08
3.7096048286092484e-08
3.670419187720391e-08
3.631783515056413e-08
3.59368819590679e-08
3.556123816562523e-08
3.519081159430763e-08
3.482551198284668e-08
3.4465250936443004e-08
3.410994188284504e-08
3.37595000286585e-08
3.341384231684877e-08
3.307288738539963e-08
3.2736555527093136e-08
3.240476865037643e-08
3.207745024128274e-08
3.1754525326374486e-08
3.1435920436677975e-08
3.112156357257972e-08
3.081138416965584e-08
3.050531306540652e-08
3.020328246686882e-08
2.9905225919081746e-08
2.9611078274378457e-08
2.9320775662481272e-08
2.903425546137594e-08
2.875145626894244e-08
2.8472317875320202e-08
2.819678123598652e-08
2.792478844552743e-08
2.7656282712081157e-08
2.7391208332434713e-08
2.7129510667755e-08
2.6871136119936252e-08
2.661603210854624e-08
2.6364147048354303e-08
2.611543032742469e-08
2.5869832285759252e-08
2.562730419447411e-08
2.538779823549523e-08
2.515126748175847e-08
2.4917665877900017e-08
2.4686948221423602e-08
2.4459070144331274e-08
2.4233988095204958e-08
2.4011659321726358e-08
2.3792041853623233e-08
2.3575094486030305e-08
2.3360776763253575e-08
2.3149048962927003e-08
2.2939872080550962e-08
2.2733207814402143e-08
2.2529018550804888e-08
2.2327267349754245e-08
2.212791793088133e-08
2.1930934659751843e-08
2.17362825344889e-08
2.1543927172711508e-08
2.13538347987804e-08
2.116597223134306e-08
2.0980306871170122e-08
2.0796806689275405e-08
2.0615440215312295e-08
2.0436176526239132e-08
2.025898523524671e-08
2.0083836480941013e-08
1.9910700916774645e-08
1.9739549700720508e-08
1.9570354485181504e-08
1.9403087407130207e-08
1.9237721078472666e-08
1.9074228576630526e-08
1.8912583435336046e-08
1.875275963563451e-08
1.8594731597088833e-08
1.843847416918128e-08
1.82839626229073e-08
1.8131172642556693e-08
1.7980080317677422e-08
1.78306621352175e-08
1.7682894971840525e-08
1.7536756086410597e-08
1.7392223112642375e-08
1.724927405191224e-08
1.710788726622657e-08
1.696804147134333e-08
1.6829715730043146e-08
1.66928894455463e-08
1.655754235507204e-08
1.6423654523536762e-08
1.629120633738775e-08
1.6160178498569116e-08
1.603055201861685e-08
1.5902308212879835e-08
1.577542869486379e-08
1.5649895370695268e-08
1.5525690433702796e-08
1.5402796359112406e-08
1.528119589885484e-08
1.516087207648177e-08
1.5041808182188507e-08
1.492398776794066e-08
1.480739464270233e-08
1.4692012867763442e-08
1.4577826752163943e-08
1.4464820848212563e-08
1.4352979947097991e-08
1.4242289074590306e-08
1.4132733486830566e-08
1.4024298666206573e-08
1.3916970317312771e-08
1.3810734362992416e-08
1.370557694046008e-08
1.3601484397502706e-08
1.3498443288757403e-08
1.3396440372064237e-08
1.3295462604892346e-08
1.3195497140837703e-08
1.3096531326190925e-08
1.2998552696573557e-08
1.290154897364129e-08
1.2805508061852622e-08
1.2710418045301516e-08
1.261626718461261e-08
1.2523043913897613e-08
1.2430736837771516e-08
1.233933472842732e-08
1.2248826522767975e-08
1.2159201319594279e-08
1.2070448376847516e-08
1.1982557108905638e-08
1.1895517083931812e-08
1.180931802127421e-08
1.172394978891592e-08
1.1639402400973896e-08
1.1555666015245894e-08
1.1472730930804346e-08
1.139058758563619e-08
1.1309226554327638e-08
1.1228638545792945e-08
1.1148814401046246e-08
1.1069745091015514e-08
1.0991421714397773e-08
1.0913835495554683e-08
1.0836977782447647e-08
1.0760840044611594e-08
1.0685413871166643e-08
1.0610690968866855e-08
1.0536663160185253e-08
1.0463322381434435e-08
1.0390660680921947e-08
1.0318670217139757e-08
1.0247343256987107e-08
1.0176672174026031e-08
1.0106649446768901e-08
1.00372676569973e-08
9.968519488111627e-09
9.900397723510746e-09
9.832895245001129e-09
9.766005031234829e-09
9.699720156175744e-09
9.634033787593564e-09
9.568939185584874e-09
9.504429701120811e-09
9.440498774620816e-09
9.377139934551859e-09
9.314346796052732e-09
9.25211305958281e-09
9.190432509594854e-09
9.12929901323136e-09
9.068706519043965e-09
9.00864905573548e-09
8.949120730924094e-09
8.890115729929288e-09
8.831628314579066e-09
8.773652822038062e-09
8.716183663656105e-09
8.659215323836874e-09
8.602742358926204e-09
8.546759396119705e-09
8.491261132389281e-09
8.436242333428208e-09
8.38169783261439e-09
8.327622529991465e-09
8.274011391267387e-09
8.220859446830175e-09
8.16816179078048e-09
8.115913579980656e-09
8.064110033120018e-09
8.012746429795976e-09
7.96181810961074e-09
7.911320471283308e-09
7.861248971776435e-09
7.811599125438312e-09
7.762366503158667e-09
7.713546731539017e-09
7.665135492076815e-09
7.617128520363216e-09
7.569521605294208e-09
7.522310588294882e-09
7.47549136255656e-09
7.429059872286562e-09
7.383012111970375e-09
7.337344125646002e-09
7.292052006190236e-09
7.247131894616674e-09
7.202579979385234e-09
7.158392495722966e-09
7.114565724955958e-09
7.071095993852117e-09
7.0279796739746474e-09
6.985213181046017e-09
6.942792974322214e-09
6.900715555977137e-09
6.858977470496889e-09
6.817575304083845e-09
6.7765056840702745e-09
6.735765278341375e-09
6.695350794767536e-09
6.655258980645662e-09
6.615486622149407e-09
6.576030543788147e-09
6.536887607874546e-09
6.498054714000547e-09
6.459528798521657e-09
6.421306834049366e-09
6.383385828951558e-09
6.345762826860776e-09
6.308434906190201e-09
6.271399179657204e-09
6.234652793814348e-09
6.1981929285877025e-09
6.162016796822342e-09
6.126121643834904e-09
6.090504746973088e-09
6.055163415181965e-09
6.020094988576992e-09
5.985296838023602e-09
5.950766364723263e-09
5.916500999805898e-09
5.882498203928542e-09
5.848755466880151e-09
5.815270307192428e-09
5.782040271756596e-09
5.749062935445988e-09
5.71633590074437e-09
5.683856797379896e-09
5.6516232819646e-09
5.619633037639323e-09
5.5878837737239985e-09
5.556373225373188e-09
5.525099153236797e-09
5.494059343125861e-09
5.463251605683342e-09
5.43267377605983e-09
5.402323713594075e-09
5.37219930149828e-09
5.3422984465480495e-09
5.312619078776947e-09
5.2831591511755555e-09
5.253916639394989e-09
5.224889541454767e-09
5.1960758774549914e-09
5.16747368929274e-09
5.139081040382618e-09
5.110896015381404e-09
5.082916719916704e-09
5.055141280319566e-09
5.027567843360986e-09
5.000194575992233e-09
4.9730196650889404e-09
4.946041317198904e-09
4.919257758293514e-09
4.8926672335227774e-09
4.866268006973856e-09
4.840058361433084e-09
4.814036598151389e-09
4.788201036613071e-09
4.762550014307891e-09
4.737081886506399e-09
4.71179502603847e-09
4.686687823074983e-09
4.6617586849125936e-09
4.6370060357615605e-09
4.612428316536566e-09
4.588023984650489e-09
4.563791513811083e-09
4.539729393820516e-09
4.5158361303777146e-09
4.492110244883488e-09
4.468550274248371e-09
4.445154770703154e-09
4.4219223016120475e-09
4.3988514492884535e-09
4.3759408108132895e-09
4.353188997855835e-09
4.330594636497057e-09
4.3081563670553755e-09
4.285872843914834e-09
4.26374273535563e-09
4.241764723386989e-09
4.219937503582312e-09
4.198259784916603e-09
4.176730289606096e-09
4.155347752950096e-09
4.1341109231749536e-09
4.113018561280181e-09
4.092069440886642e-09
4.0712623480868104e-09
4.050596081297054e-09
4.030069451111913e-09
4.009681280160343e-09
3.989430402963896e-09
3.969315665796811e-09
3.949335926547976e-09
3.929490054584747e-09
3.909776930618578e-09
3.890195446572465e-09
3.870744505450132e-09
3.85142302120698e-09
3.8322299186227395e-09
3.813164133175815e-09
3.794224610919296e-09
3.775410308358602e-09
3.756720192330753e-09
3.738153239885218e-09
3.7197084381663406e-09
3.701384784297307e-09
3.6831812852656345e-09
3.665096957810159e-09
3.6471308283095023e-09
3.6292819326719925e-09
3.61154931622702e-09
3.593932033617805e-09
3.5764291486955605e-09
3.5590397344150252e-09
3.5417628727313497e-09
3.524597654498315e-09
3.5075431793678638e-09
3.490598555690929e-09
3.473762900419532e-09
3.4570353390101446e-09
3.4404150053282852e-09
3.423901041554339e-09
3.4074925980905787e-09
3.391188833469375e-09
3.374988914262575e-09
3.3588920149920315e-09
3.342897318041271e-09
3.32700401356828e-09
3.3112112994193963e-09
3.295518381044288e-09
3.279924471412004e-09
3.264428790928086e-09
3.2490305673527174e-09
3.2337290357199066e-09
3.218523438257677e-09
3.2034130243092636e-09
3.188397050255287e-09
3.173474779436904e-09
3.1586454820799136e-09
3.1439084352198087e-09
3.1292629226277574e-09
3.114708234737502e-09
3.100243668573166e-09
3.0858685276779502e-09
3.0715821220437116e-09
3.0573837680414093e-09
3.0432727883524074e-09
3.0292485119006198e-09
3.015310273785491e-09
3.0014574152157947e-09
2.9876892834442454e-09
2.974005231702904e-09
2.960404619139377e-09
2.946886810753788e-09
2.9334511773365176e-09
2.920097095406697e-09
2.906823947151452e-09
2.8936311203658753e-09
2.880518008393731e-09
2.8674840100688702e-09
2.8545285296573524e-09
2.841650976800268e-09
2.8288507664572397e-09
2.816127318850611e-09
2.8034800594102936e-09
2.7909084187192806e-09
2.7784118324598104e-09
2.765989741360166e-09
2.753641591142118e-09
2.7413668324689804e-09
2.729164920894295e-09
2.7170353168111126e-09
2.7049774854018846e-09
2.6929908965889385e-09
2.681075024985544e-09
2.66922934984755e-09
2.657453355025596e-09
2.6457465289178827e-09
2.6341083644234925e-09
2.6225383588962653e-09
2.6110360140992047e-09
2.5996008361594257e-09
2.5882323355236178e-09
2.576930026914037e-09
2.565693429285e-09
2.5545220657798915e-09
2.5434154636886655e-09
2.5323731544058388e-09
2.5213946733889714e-09
2.5104795601176266e-09
2.499627358052802e-09
2.4888376145968306e-09
2.478109881053739e-09
2.4674437125900635e-09
2.4568386681961156e-09
2.446294310647688e-09
2.4358102064681998e-09
2.425385925891276e-09
2.415021042823749e-09
2.4047151348090833e-09
2.394467782991218e-09
2.3842785720788157e-09
2.374147090309919e-09
2.3640729294170057e-09
2.3540556845924404e-09
2.3440949544543137e-09
2.3341903410126685e-09
2.324341449636104e-09
2.314547889018759e-09
2.30480927114766e-09
2.295125211270439e-09
2.2854953278634124e-09
2.275919242600015e-09
2.2663965803195866e-09
2.2569269689965082e-09
2.247510039709678e-09
2.2381454266123305e-09
2.2288327669021877e-09
2.2195717007919416e-09
2.2103618714800656e-09
2.201202925121944e-09
2.1920945108013247e-09
2.1830362805020824e-09
2.174027889080297e-09
2.1650689942366335e-09
2.15615925648903e-09
2.147298339145681e-09
2.138485908278321e-09
2.129721632695794e-09
2.121005183917916e-09
2.1123362361496223e-09
2.1037144662553933e-09
2.0951395537339604e-09
2.0866111806932873e-09
2.07812903182582e-09
2.069692794384005e-09
2.0613021581560755e-09
2.0529568154420952e-09
2.0446564610302628e-09
2.036400792173469e-09
2.028189508566108e-09
2.0200223123211395e-09
2.01189890794739e-09
2.0038190023271063e-09
1.9957823046937407e-09
1.9877885266099794e-09
1.979837381946002e-09
1.971928586857974e-09
1.9640618597667673e-09
1.9562369213369085e-09
1.948453494455747e-09
1.9407113042128495e-09
1.9330100778796045e-09
1.925349544889051e-09
1.9177294368159144e-09
1.910149487356855e-09
1.902609432310923e-09
1.895109009560221e-09
1.887647959050768e-09
1.8802260227735634e-09
1.872842944745852e-09
1.8654984709925826e-09
1.8581923495280603e-09
1.8509243303377913e-09
1.8436941653605162e-09
1.8365016084704303e-09
1.8293464154595885e-09
1.8222283440204928e-09
1.8151471537288605e-09
1.8081026060265703e-09
1.8010944642047851e-09
1.794122493387249e-09
1.7871864605137555e-09
1.7802861343237882e-09
1.7734212853403264e-09
1.7665916858538207e-09
1.7597971099063299e-09
1.7530373332758216e-09
1.7463121334606343e-09
1.7396212896640964e-09
1.732964582779304e-09
1.726341795374052e-09
1.71975271167592e-09
1.71319711755751e-09
1.7066748005218314e-09
1.7001855496878383e-09
1.6937291557761096e-09
1.6873054110946754e-09
1.6809141095249877e-09
1.6745550465080297e-09
1.6682280190305685e-09
1.6619328256115432e-09
1.6556692662885922e-09
1.6494371426047129e-09
1.643236257595059e-09
1.6370664157738656e-09
1.6309274231215095e-09
1.6248190870716947e-09
1.618741216498768e-09
1.6126936217051612e-09
1.6066761144089565e-09
1.6006885077315777e-09
1.5947306161856012e-09
1.5888022556626895e-09
1.5829032434216443e-09
1.5770333980765763e-09
1.571192539585193e-09
1.5653804892372017e-09
1.5595970696428266e-09
1.5538421047214395e-09
1.5481154196903014e-09
1.542416841053415e-09
1.536746196590487e-09
1.5311033153459968e-09
1.5254880276183752e-09
1.5199001649492848e-09
1.5143395601130087e-09
1.5088060471059395e-09
1.503299461136174e-09
1.4978196386132048e-09
1.4923664171377163e-09
1.4869396354914766e-09
1.4815391336273281e-09
1.4761647526592763e-09
1.470816334852672e-09
1.46549372361449e-09
1.4601967634837014e-09
1.454925300121737e-09
1.449679180303045e-09
1.4444582519057367e-09
1.4392623639023238e-09
1.4340913663505433e-09
1.4289451103842718e-09
1.4238234482045238e-09
1.4187262330705396e-09
1.4136533192909547e-09
1.4086045622150556e-09
1.4035798182241181e-09
1.3985789447228276e-09
1.3936018001307808e-09
1.388648243874069e-09
1.3837181363769392e-09
1.3788113390535365e-09
1.3739277142997216e-09
1.3690671254849684e-09
1.3642294369443354e-09
1.3594145139705153e-09
1.3546222228059559e-09
1.3498524306350591e-09
1.3451050055764492e-09
1.3403798166753164e-09
1.3356767338958304e-09
1.3309956281136258e-09
1.3263363711083568e-09
1.3216988355563217e-09
1.3170828950231567e-09
1.3124884239565969e-09
1.3079152976793044e-09
1.303363392381764e-09
1.2988325851152434e-09
1.2943227537848195e-09
1.2898337771424696e-09
1.2853655347802249e-09
1.2809179071233884e-09
1.2764907754238151e-09
1.272084021753254e-09
1.267697528996751e-09
1.2633311808461126e-09
1.2589848617934302e-09
1.2546584571246625e-09
1.250351852913278e-09
1.2460649360139533e-09
1.2417975940563333e-09
1.2375497154388433e-09
1.2333211893225605e-09
1.2291119056251411e-09
1.2249217550148012e-09
1.2207506289043536e-09
1.2165984194452988e-09
1.212465019521968e-09
1.208350322745721e-09
1.2042542234491955e-09
1.2001766166806087e-09
1.1961173981981093e-09
1.192076464464182e-09
1.1880537126401014e-09
1.1840490405804365e-09
1.180062346827602e-09
1.1760935306064626e-09
1.1721424918189823e-09
1.1682091310389236e-09
1.1642933495065915e-09
1.1603950491236283e-09
1.1565141324478511e-09
1.1526505026881377e-09
1.1488040636993567e-09
1.1449747199773435e-09
1.14116237665392e-09
1.1373669394919597e-09
1.1335883148804956e-09
1.129826409829871e-09
1.126081131966935e-09
1.1223523895302783e-09
1.1186400913655118e-09
1.1149441469205877e-09
1.111264466241161e-09
1.1076009599659906e-09
1.1039535393223833e-09
1.100322116121676e-09
1.0967066027547577e-09
1.0931069121876312e-09
1.0895229579570131e-09
1.085954654165973e-09
1.0824019154796093e-09
1.0788646571207642e-09
1.0753427948657755e-09
1.0718362450402649e-09
1.0683449245149632e-09
1.0648687507015719e-09
1.0614076415486601e-09
1.0579615155375987e-09
1.054530291678526e-09
1.051113889506353e-09
1.0477122290767987e-09
1.0443252309624636e-09
1.0409528162489332e-09
1.0375949065309175e-09
1.0342514239084234e-09
1.030922290982959e-09
1.0276074308537718e-09
1.024306767114117e-09
1.02102022384756e-09
1.0177477256243094e-09
1.014489197497582e-09
1.0112445649999966e-09
1.0080137541400022e-09
1.0047966913983333e-09
1.001593303724497e-09
9.984035185332896e-10
9.952272637013426e-10
9.920644675636982e-10
9.889150589104136e-10
9.85778966983194e-10
9.826561214720544e-10
9.79546452512009e-10
9.76449890679789e-10
9.733663669905878e-10
9.702958128948333e-10
9.672381602749885e-10
9.641933414423771e-10
9.611612891340374e-10
9.58141936509602e-10
9.551352171482023e-10
9.52141065045402e-10
9.491594146101523e-10
9.46190200661776e-10
9.432333584269745e-10
9.402888235368603e-10
9.37356532024015e-10
9.3443642031957e-10
9.315284252503136e-10
9.286324840358202e-10
9.25748534285604e-10
9.228765139962969e-10
9.200163615488486e-10
9.171680157057503e-10
9.143314156082816e-10
9.115065007737795e-10
9.086932110929305e-10
9.058914868270842e-10
9.0310126860559e-10
9.003224974231543e-10
8.975551146372206e-10
8.947990619653708e-10
8.920542814827469e-10
8.893207156194948e-10
8.865983071582283e-10
8.838869992315146e-10
8.81186735319379e-10
8.784974592468309e-10
8.758191151814102e-10
8.731516476307521e-10
8.704950014401732e-10
8.678491217902768e-10
8.652139541945769e-10
8.625894444971421e-10
8.599755388702586e-10
8.573721838121112e-10
8.547793261444844e-10
8.521969130104806e-10
8.496248918722577e-10
8.470632105087843e-10
8.445118170136129e-10
8.419706597926719e-10
8.394396875620738e-10
8.36918849345942e-10
8.344080944742551e-10
8.319073725807077e-10
